floor		0	300	300	450	100	100	100
floor		150	0	150	300	100	100	100
floor		300	0	600	150	100	100	100
floor		900	0	150	400	100	100	100
floor		900	400	500	350	100	100	100
removableGate	900	450 	150 	6	192	192	192
gate		1050	447 	250 	12	192	192	192
wall		0	288	150	12	64	64	64
wall		138 	0 	12 	300	64	64	64
wall		300 	150 	600 	12	64	64	64
wall		300 	150 	12 	840	64	64	64
wall		888	150	12	600	64	64	64
wall		1050	0	12	400	64	64	64
wall		1050	388	250	12	64	64	64
door		0 	400 	10 	90	153	73	0
door		200	740	90	10	153	73	0
door		605	0 	90 	10	153	73	0
door		1290 	500	10 	90	153	73	0